Country,State,Route,Year,Aou,SpeciesTotal
840,44,035,2007,05850,1
840,44,035,2010,05850,1
840,44,038,1996,05850,1
840,44,046,2001,05850,2
840,44,055,1993,05850,2
840,44,055,1994,05850,2
840,44,055,1995,05850,2
840,44,055,1996,05850,3
840,44,055,1997,05850,2
840,44,055,1998,05850,4
840,44,055,1999,05850,1
840,44,055,2000,05850,4
840,44,055,2001,05850,1
840,44,055,2002,05850,1
840,44,055,2005,05850,3
840,44,055,2006,05850,1
840,44,056,1995,05850,1
840,44,056,1997,05850,2
840,44,056,1998,05850,8
840,44,056,1999,05850,8
840,44,056,2000,05850,2
840,44,056,2001,05850,6
840,44,056,2002,05850,2
840,44,056,2003,05850,1
840,44,056,2005,05850,1
840,44,056,2007,05850,1
840,44,056,2008,05850,1
840,44,058,1994,05850,3
840,44,058,1995,05850,5
840,44,058,1996,05850,5
840,44,058,1998,05850,5
840,44,058,1999,05850,7
840,44,058,2000,05850,8
840,44,058,2001,05850,7
840,44,060,1994,05850,1
840,44,060,1995,05850,1
840,44,060,1999,05850,1
840,44,060,2003,05850,1
840,44,060,2005,05850,2
840,44,060,2006,05850,2
840,44,060,2007,05850,1
840,44,060,2009,05850,1
840,44,134,2016,05850,6
840,44,146,2013,05850,3
840,44,147,1997,05850,1
840,44,147,1998,05850,2
840,44,147,1999,05850,7
840,44,147,2000,05850,6
840,44,147,2001,05850,6
840,44,147,2002,05850,5
840,44,147,2003,05850,8
